0.07088525082151209
0.5143992704338824
0.2222879987140498
0.5269705535947722
-0.00755578576971172
0.1440474125446196
0.22652458974062184
-0.5432345761504576
0.01943821195194606
0.2470100836255198
0.9186650034480244
0.5888785953839342
-0.5306894156891595
-0.43702507974270954
0.9477380725350231
-0.4701004482887139
-0.6617997874725077
-0.20013944343090095
0.8031705862495351
-0.34969613234666985
-0.8271290768134445
-0.16394284336243703
0.4837492784910322
-0.04055500857889971
-0.09058776816981196
0.7939124347738484
0.10136456797804971
0.05033448720446421
-0.6694390737216418
0.22852817605624387
-0.6925543388579811
-0.5138021422585488
0.9254369661806527
0.22399770444930933
0.8142363399403267
0.9557919928487375
0.5852296178113019
0.13540298428090858
0.706492694604204
0.4939044306854772
-0.6100265933396947
-0.7799366804148629
0.7891351192148408
0.008609884428112169
-0.15258804626688227
0.739714190332099
-0.24065474690338595
-0.08439035027797992
-0.9185206893329287
0.9426964161984714
0.27846497416165583
-0.8103509611978701
0.47417139224057925
0.8440820213468059
0.6405235419591246
-0.10434722500580884
0.9296873599474831
0.5659501027868188
-0.9919820149258398
0.5458769096818534
-0.5877601277084263
0.48372956268812906
0.10993951060338447
-0.2468977421526919
0.48257261284785824
-0.13011818266070718
0.4061886638553325
-0.3329423574126318
0.39254520404249194
0.6930975075141457
-0.16996810874196044
-0.6178182805886692
-0.39282562523789566
-0.7410195600725971
-0.8934838345087293
-0.6023740031326525
-0.06680168223791072
0.8600366517807396
-0.9794181197453782
-0.6048902217034144
-0.07146560668051838
-0.6961986426172861
0.5831176415112338
-0.7441706715885448
-0.6970494161170988
-0.5984549116604327
0.578441405815221
0.07713301542830675
0.890278372957646
-0.17814321711914216
0.14412527612732573
0.9939060829037263
-0.30829215622981154
0.2777328953791962
0.7970679365598339
0.7870134213106907
0.7508358851471846
0.10546144567310023
-0.364367228494906
-0.09277699475661239
0.8002205152357369
-0.34181074061854955
-0.747301605909432
-0.9636208970357178
0.5660850534030144
0.09792167616382574
-0.023297681122707914
0.1905308514095696
0.2287810389106526
0.3607695038273704
0.27433646629316666
-0.2506425514954165
0.3018321722736843
0.6036680416170974
0.04168141816629767
0.5944627665649014
0.7200237134283725
-0.30005002676212467
0.4995651314129763
0.4246831518488974
0.36030069918179364
0.7649354778969666
-0.9944319157045272
-0.6581843391780964
0.06759783134842667
0.5157877281742811
0.20833960074308422
0.8411679025791392
0.1741680507694081
-0.9908389808666285
0.28121554791244363
-0.7318092221186989
0.7516411385397983
0.28755658938915407
0.41724494010089663
-0.07471210069321987
-0.22749317478600029
0.06920868591115448
0.7726564753888598
-0.05798305668316961
0.7872849678168377
-0.052740195751886265
0.9544683807150196
0.39343927747815677
-0.9905898234421517
0.9654127302680413
0.7474970276965631
0.7125396256971346
0.9199390633689688
-0.7956944195188655
-0.459688571811425
0.34886501537532055
-0.650693996445386
-0.454916130585028
-0.3250912813015172
0.33361658756745993
-0.4528457432698847
0.9601504219993222
0.9452031990628573
-0.9464731129672961
-0.09178129645237343
-0.4577113369944068
-0.12860024211042842
0.2521236559672484
-0.31381970576076057
0.9821396398990345
0.3003374879489533
-0.11770541929489609
0.7802223341631314
-0.7956792509341337
-0.0486680762557723
0.5218006013164316
-0.24705975285948467
0.9656139348969404
0.21302685489766593
0.381252333715419
-0.9061160325430997
-0.9292508584083274
0.06178304884673769
-0.1167978890897503
-0.4671732500292187
0.8668630253381093
0.07513208212203337
-0.2839224227294086
0.5685464196677332
-0.3293192285493405
0.16552792718342935
0.6139092114455205
0.2986599656907645
-0.7244566217527264
-0.7604441701910449
0.6046532004690943
-0.7363569327498203
0.1623784135024171
-0.5908932132997078
-0.8531579865468568
0.04135230256301181
-0.07749723446060552
0.12127266868421138
0.29075351404465755
-0.9428193713992838
-0.9762894949981478
-0.7494782708132157
0.8671848191431095
0.41108654467786665
0.460414287394906
-0.5151523256628849
-0.23138738422696625
0.1562104241886364
0.3733793262463778
-0.9769361020362184
0.23342014995065496
0.28672666081129417
-0.14744016850028396
-0.37824207498651563
-0.24363012088523095
0.10193390027080818
